<svg version="1.0" xmlns="http://www.w3.org/2000/svg"
 width="400.000000pt" height="226.000000pt" viewBox="0 0 4000.000000 2262.000000"
 preserveAspectRatio="xMidYMid meet">
<g transform="translate(0.000000,2262.000000) scale(0.100000,-0.100000)"
fill="#000000" stroke="none">
<path d="M19605 22249 c-387 -25 -799 -83 -1155 -161 -52 -11 -97 -23 -100
-27 -3 -3 -57 -19 -120 -34 -214 -52 -610 -171 -620 -186 -3 -4 -48 -23 -100
-41 -179 -61 -441 -167 -451 -181 -3 -5 -32 -20 -65 -33 -117 -48 -399 -187
-407 -201 -4 -8 -13 -15 -20 -15 -16 0 -317 -168 -357 -200 -18 -14 -54 -37
-81 -52 -27 -15 -89 -54 -138 -88 -50 -33 -95 -60 -100 -60 -6 0 -14 -6 -18
-13 -9 -13 -189 -147 -199 -147 -8 0 -85 -59 -104 -80 -23 -25 -117 -100 -125
-100 -10 0 -114 -86 -140 -116 -11 -12 -47 -43 -80 -69 -62 -48 -266 -235
-369 -340 -201 -203 -256 -261 -256 -268 0 -4 -30 -38 -66 -74 -37 -37 -90
-99 -120 -137 -29 -39 -64 -82 -78 -94 -14 -13 -46 -51 -71 -85 -108 -148
-138 -187 -144 -187 -4 0 -16 -14 -26 -31 -37 -58 -50 -78 -123 -186 -40 -59
-78 -115 -86 -123 -17 -19 -105 -157 -114 -179 -13 -30 -97 -166 -105 -169 -4
-2 -18 -25 -31 -50 -77 -155 -180 -348 -187 -353 -10 -6 -82 -165 -161 -354
-27 -66 -53 -122 -58 -125 -10 -7 -96 -237 -162 -435 -29 -88 -55 -162 -59
-165 -20 -15 -163 -588 -205 -820 -9 -52 -20 -97 -24 -100 -12 -8 -61 -363
-85 -607 -48 -512 -44 -1096 10 -1583 23 -203 67 -494 75 -500 4 -3 15 -48 24
-100 47 -266 182 -802 205 -820 4 -3 26 -66 50 -140 65 -204 155 -448 170
-460 8 -7 41 -78 41 -90 0 -9 62 -149 133 -304 18 -38 38 -75 45 -82 7 -7 26
-41 42 -76 51 -109 170 -331 185 -342 7 -6 30 -42 51 -81 20 -38 61 -107 91
-153 29 -45 53 -87 53 -92 0 -5 6 -13 13 -17 12 -7 39 -46 174 -248 18 -27 51
-70 73 -95 22 -25 40 -48 40 -52 0 -7 139 -184 180 -229 11 -13 53 -62 92
-109 75 -91 131 -153 240 -266 37 -40 68 -75 68 -79 0 -4 35 -39 77 -78 43
-40 99 -93 125 -119 26 -25 91 -86 145 -134 54 -48 112 -100 128 -116 70 -64
211 -177 222 -178 6 0 22 -13 35 -28 23 -29 179 -152 192 -152 9 0 105 -71
145 -108 18 -16 45 -36 59 -43 15 -8 73 -44 129 -81 56 -38 107 -68 112 -68 5
0 11 -4 13 -9 5 -13 101 -72 229 -142 63 -33 119 -67 124 -74 6 -7 105 -59
220 -116 116 -56 212 -105 215 -109 5 -8 226 -101 405 -172 61 -23 112 -46
115 -49 3 -4 73 -30 155 -59 128 -44 164 -53 247 -57 106 -6 162 4 245 43 86
40 157 145 171 251 4 32 6 375 4 761 l-3 704 -23 -6 c-36 -9 -221 -36 -361
-52 -71 -8 -240 -18 -375 -21 -357 -8 -613 23 -872 106 -107 35 -228 87 -228
99 0 4 -26 20 -57 35 -32 14 -89 50 -127 79 -38 29 -80 60 -92 68 -44 28 -205
227 -218 268 -4 12 -11 22 -16 22 -13 0 -76 116 -105 195 -42 113 -107 258
-124 277 -9 9 -34 52 -56 95 -53 103 -144 253 -154 253 -4 0 -14 12 -22 28 -7
15 -45 70 -84 122 -38 52 -72 100 -75 106 -3 6 -50 53 -105 104 -142 131 -152
140 -163 140 -14 0 -184 113 -201 133 -7 9 -19 17 -25 17 -13 0 -66 51 -66 63
0 4 -13 26 -30 49 -55 75 -32 157 52 193 53 21 222 38 318 32 91 -7 260 -42
270 -56 3 -4 46 -26 97 -49 51 -22 125 -62 164 -89 40 -26 81 -53 92 -60 11
-6 22 -15 26 -20 3 -6 55 -56 116 -113 60 -56 114 -110 120 -120 5 -10 43 -60
83 -112 39 -52 72 -99 72 -104 0 -5 12 -24 28 -41 15 -17 57 -78 94 -134 91
-142 269 -324 403 -414 55 -37 102 -71 105 -75 12 -19 241 -110 335 -134 301
-75 643 -59 991 48 204 63 254 91 254 140 0 32 32 190 40 196 4 3 10 19 14 35
37 159 145 412 202 475 30 32 94 120 94 128 0 4 25 32 55 62 30 29 52 57 50
60 -3 4 -35 10 -72 14 -170 17 -534 74 -543 85 -3 4 -34 12 -70 19 -219 44
-693 177 -710 201 -3 3 -36 19 -75 35 -206 82 -368 161 -407 196 -9 8 -38 26
-65 40 -26 14 -88 52 -136 85 -49 33 -96 65 -105 70 -9 6 -23 17 -32 26 -8 9
-60 54 -115 99 -55 46 -131 117 -169 159 -38 42 -92 101 -120 132 -65 72 -154
196 -201 278 -20 36 -42 69 -50 75 -18 14 -142 265 -179 364 -15 39 -31 72
-35 72 -11 0 -95 263 -131 410 -36 145 -80 363 -80 397 0 13 -4 23 -9 23 -4 0
-11 24 -15 53 -54 441 -68 908 -36 1192 15 127 43 300 51 305 3 3 18 56 33
118 41 170 156 491 184 512 4 3 34 59 66 125 67 135 127 234 174 285 18 19 32
38 32 43 0 12 141 192 190 243 18 18 19 24 9 55 -7 18 -15 36 -19 39 -19 14
-76 254 -102 425 -17 120 -18 588 0 710 28 193 88 465 102 465 5 0 11 15 15
33 3 17 25 85 47 149 l42 117 55 7 c66 8 302 -2 310 -14 3 -4 51 -16 106 -26
55 -11 159 -37 230 -58 111 -33 179 -56 348 -120 16 -6 34 -16 40 -22 7 -6 46
-27 87 -45 142 -64 350 -170 370 -188 10 -10 45 -31 77 -48 32 -16 104 -58
161 -92 56 -35 107 -63 112 -63 6 0 10 -4 10 -9 0 -5 29 -28 65 -51 l64 -42
148 35 c82 20 164 39 183 43 19 3 37 10 40 14 3 4 71 19 153 34 472 86 839
119 1332 119 344 1 555 -10 839 -43 304 -36 656 -96 656 -112 0 -4 7 -8 16 -8
9 0 94 -18 189 -41 l173 -41 61 41 c33 23 65 41 70 41 6 0 11 4 11 9 0 9 190
131 203 131 9 0 141 81 147 90 6 9 158 86 320 162 57 27 107 52 110 56 10 15
221 96 365 140 130 40 193 57 285 73 41 7 78 17 81 22 8 11 260 22 329 13 l55
-7 45 -137 c24 -75 48 -140 52 -143 12 -8 74 -282 92 -403 62 -413 38 -800
-71 -1178 -9 -32 -20 -58 -24 -58 -4 0 -10 -14 -14 -31 -5 -24 -2 -35 13 -50
33 -30 182 -217 182 -228 0 -5 13 -22 29 -38 26 -26 121 -166 121 -178 0 -9
104 -190 117 -203 7 -7 13 -19 13 -25 0 -7 14 -41 31 -77 39 -82 110 -289 140
-406 12 -49 25 -91 29 -94 12 -8 50 -231 66 -388 20 -182 14 -727 -10 -952
-21 -197 -47 -374 -56 -380 -4 -3 -13 -36 -19 -75 -41 -230 -174 -685 -201
-685 -4 0 -12 -19 -19 -42 -21 -69 -169 -361 -201 -396 -17 -18 -30 -39 -30
-45 0 -12 -152 -225 -187 -261 -10 -11 -63 -68 -118 -127 -55 -58 -138 -139
-185 -178 -47 -40 -98 -84 -115 -99 -50 -43 -185 -133 -268 -179 -43 -24 -87
-52 -98 -62 -19 -18 -278 -138 -394 -183 -33 -12 -63 -26 -66 -30 -16 -23
-493 -157 -709 -200 -36 -7 -67 -15 -70 -19 -6 -8 -337 -61 -490 -79 -52 -6
-106 -13 -119 -16 -24 -5 -24 -6 12 -35 19 -16 59 -62 88 -102 28 -39 64 -84
79 -99 37 -38 135 -240 176 -367 19 -57 34 -109 34 -116 0 -8 4 -15 10 -17 14
-5 49 -190 67 -358 13 -126 15 -291 10 -1264 -6 -1189 -6 -1176 41 -1258 9
-17 22 -40 29 -52 17 -30 39 -49 93 -79 66 -37 123 -49 225 -48 79 0 106 6
225 45 161 54 203 69 210 77 3 3 59 27 125 53 66 26 165 67 220 91 55 24 110
47 122 50 13 3 29 12 36 19 7 8 107 60 223 116 115 57 213 108 219 115 10 12
136 86 166 97 32 12 184 111 192 124 4 8 13 14 19 14 5 0 56 30 112 67 55 37
114 74 129 82 16 8 41 26 55 41 30 29 138 110 147 110 11 0 165 122 165 130 0
4 19 20 43 36 47 31 144 110 197 160 19 18 76 69 126 113 50 44 103 93 117
110 14 17 29 31 34 31 10 0 224 216 323 325 39 44 88 98 109 120 70 75 157
180 185 223 16 23 32 42 36 42 8 0 140 165 140 174 0 10 81 116 89 116 3 0 20
21 37 48 17 26 63 95 103 154 39 58 71 111 71 117 0 6 4 11 9 11 10 0 111 160
164 258 17 34 41 72 52 84 20 23 50 80 157 293 34 66 65 122 69 126 5 3 26 45
47 95 22 49 53 121 70 159 16 39 47 111 67 160 21 50 41 92 45 95 4 3 14 25
23 50 92 262 132 379 159 469 17 58 34 108 39 111 21 14 181 708 205 888 3 28
10 52 14 52 4 0 10 24 14 53 3 28 13 102 21 162 71 537 84 1146 34 1700 -17
202 -60 520 -70 523 -5 2 -9 13 -9 25 0 58 -86 476 -142 687 -22 85 -45 173
-51 195 -6 22 -13 42 -17 45 -4 3 -22 55 -40 115 -31 103 -116 352 -156 458
-10 26 -22 47 -26 47 -4 0 -8 4 -8 10 0 20 -207 502 -220 510 -6 4 -103 187
-198 375 -9 17 -18 32 -22 35 -8 6 -120 191 -120 198 0 10 -93 152 -99 152 -5
0 -20 22 -34 48 -14 27 -55 89 -89 138 -35 49 -69 102 -77 117 -8 15 -18 27
-21 27 -8 0 -110 132 -151 195 -14 22 -47 63 -74 90 -26 28 -71 82 -100 121
-29 38 -84 101 -124 140 -39 38 -71 74 -71 79 0 6 -42 53 -94 105 -52 52 -118
120 -148 150 -101 103 -315 301 -344 320 -16 10 -63 50 -104 89 -41 40 -93 84
-115 99 -50 33 -133 100 -161 128 -11 12 -34 30 -50 40 -16 10 -75 51 -130 91
-56 40 -107 73 -113 73 -6 0 -11 4 -11 8 0 8 -193 142 -205 142 -8 0 -118 72
-137 89 -9 9 -38 27 -64 41 -27 14 -82 45 -123 69 -42 24 -100 55 -128 67 -29
13 -53 27 -53 32 0 8 -346 175 -418 203 -19 6 -40 18 -47 26 -14 14 -290 125
-455 183 -52 19 -97 37 -100 41 -10 15 -381 126 -600 181 -74 18 -137 36 -140
40 -8 10 -380 83 -570 112 -205 31 -495 62 -705 76 -182 11 -800 11 -980 -1z"/>
<path d="M10190 6935 c-225 -26 -433 -70 -622 -132 -60 -19 -108 -39 -108 -44
0 -5 -7 -9 -14 -9 -44 0 -406 -188 -406 -210 0 -5 -9 -12 -20 -15 -25 -8 -139
-93 -195 -145 -22 -21 -45 -39 -52 -41 -6 -2 -54 -52 -106 -111 -53 -58 -103
-115 -112 -125 -34 -36 -137 -189 -162 -239 -13 -28 -35 -63 -47 -77 -37 -43
-140 -267 -192 -419 -15 -43 -30 -78 -34 -78 -4 0 -13 -21 -20 -47 -7 -27 -24
-86 -37 -133 -78 -274 -163 -817 -163 -1036 0 -33 -5 -54 -12 -56 -17 -6 -19
-875 -2 -886 5 -4 16 -75 22 -159 15 -187 53 -444 87 -594 48 -212 111 -429
124 -429 4 0 15 -25 25 -56 32 -103 172 -398 196 -414 4 -3 18 -23 30 -45 51
-93 152 -224 246 -324 56 -58 114 -121 129 -138 15 -18 31 -33 37 -33 5 0 33
-19 61 -43 72 -60 153 -117 166 -117 6 0 11 -4 11 -9 0 -9 88 -65 165 -103 92
-46 205 -98 214 -98 5 0 16 -6 23 -12 7 -7 56 -27 108 -45 260 -87 589 -150
888 -169 71 -4 112 -11 112 -18 0 -6 5 -4 10 4 6 10 10 11 10 3 0 -10 60 -13
265 -13 170 0 265 4 265 10 0 6 21 10 48 10 140 0 491 56 702 111 129 34 302
89 310 99 3 3 48 23 100 43 113 45 360 165 360 175 0 4 15 16 34 26 18 10 39
29 45 42 16 36 16 3196 -1 3227 -6 12 -22 32 -35 45 l-24 22 -1060 0 -1059 0
-21 -21 c-48 -48 -49 -56 -49 -586 0 -319 4 -512 11 -536 7 -26 21 -44 42 -57
30 -19 54 -20 440 -20 l407 0 -2 -617 -3 -618 -22 -3 c-13 -2 -23 -7 -23 -11
0 -20 -349 -50 -585 -51 -192 0 -438 27 -455 50 -3 4 -39 17 -80 29 -69 21
-164 66 -270 127 -44 25 -280 256 -280 273 0 5 -20 41 -43 80 -24 38 -59 105
-77 148 -19 43 -38 81 -43 84 -15 11 -86 254 -112 387 -102 525 -98 1232 11
1717 26 119 91 327 104 335 4 3 23 39 41 80 41 93 79 159 130 227 21 29 39 56
40 60 1 13 191 184 222 200 16 8 37 23 47 33 30 30 164 94 270 129 96 31 272
71 316 71 13 0 24 4 24 9 0 30 808 30 818 0 2 -5 22 -9 45 -9 104 0 411 -62
595 -121 51 -16 104 -29 118 -29 55 0 85 36 102 125 22 116 116 520 122 525 6
5 74 297 93 399 8 46 7 56 -10 80 -22 28 -83 62 -196 107 -40 16 -74 31 -77
34 -9 11 -174 59 -288 85 -195 43 -432 76 -676 95 -185 14 -855 11 -996 -5z"/>
<path d="M18704 6686 l-34 -34 0 -3062 c0 -2235 3 -3067 11 -3083 6 -12 21
-30 33 -39 19 -16 68 -18 636 -18 568 0 617 2 636 18 12 9 27 27 33 39 8 16
11 385 11 1327 l0 1306 895 0 895 0 0 -1316 0 -1316 29 -29 29 -29 611 0 c435
0 617 3 635 11 14 7 32 26 41 44 14 30 15 344 13 3095 l-3 3062 -33 29 -32 29
-599 0 c-412 0 -608 -3 -630 -11 -64 -23 -61 45 -61 -1194 l0 -1125 -895 0
-895 0 0 1131 0 1131 -34 34 -34 34 -612 0 -612 0 -34 -34z"/>
<path d="M28288 6691 l-33 -29 -3 -3062 c-2 -2751 -1 -3065 13 -3095 9 -18 27
-37 41 -44 17 -8 154 -11 451 -11 537 0 494 -17 527 213 9 59 16 111 16 115 0
3 7 -3 15 -16 26 -36 102 -85 256 -166 41 -21 76 -42 79 -46 8 -11 198 -86
290 -113 165 -50 446 -97 580 -97 33 0 50 -4 50 -12 0 -9 4 -8 10 2 9 13 10
13 10 0 0 -13 1 -13 10 0 9 13 10 13 10 0 0 -13 1 -13 10 0 6 10 10 11 10 3 0
-7 11 -13 25 -13 14 0 25 6 25 13 0 8 4 7 10 -3 9 -13 11 -13 20 0 9 13 10 13
10 0 0 -12 2 -13 9 -1 7 11 9 11 14 0 4 -10 6 -10 6 -1 1 8 21 12 65 12 85 0
273 25 383 51 129 30 347 118 378 153 18 20 83 66 94 66 23 0 226 218 282 301
39 58 145 277 154 317 3 18 10 32 15 32 10 0 41 92 74 220 83 323 115 615 123
1116 7 460 -12 708 -77 1009 -30 140 -100 362 -119 375 -4 3 -24 43 -45 90
-65 144 -149 264 -276 392 -63 65 -119 118 -123 118 -5 0 -23 11 -40 24 -54
40 -148 92 -222 121 -38 16 -72 31 -75 35 -15 21 -207 67 -365 86 -158 20
-478 14 -625 -11 -126 -22 -303 -64 -310 -73 -3 -5 -54 -25 -114 -46 -60 -21
-154 -60 -210 -87 -55 -27 -102 -49 -103 -49 -2 0 -3 468 -3 1039 l0 1040 -24
28 -24 28 -621 3 -620 2 -33 -29z m2180 -2962 c123 -27 157 -44 240 -123 101
-95 110 -105 138 -165 117 -246 158 -625 124 -1146 -20 -295 -49 -441 -115
-580 -51 -106 -54 -109 -125 -162 -105 -78 -207 -103 -423 -103 -246 1 -399
33 -622 131 l-95 42 2 964 3 964 35 18 c19 11 64 31 100 46 36 16 67 32 70 36
10 15 227 71 330 84 110 15 259 12 338 -6z"/>
<path d="M13960 6584 c-14 -3 -55 -9 -93 -15 -37 -6 -73 -16 -80 -23 -6 -6
-42 -24 -79 -40 -37 -15 -87 -42 -111 -59 -50 -36 -145 -125 -164 -153 -122
-184 -160 -317 -150 -513 7 -127 23 -190 78 -307 36 -78 54 -101 144 -190 114
-112 192 -158 335 -196 222 -59 500 3 655 146 33 31 63 56 67 56 17 0 99 123
135 205 108 237 95 521 -34 726 -21 34 -45 72 -53 86 -36 59 -204 181 -287
209 -26 9 -50 20 -53 25 -16 24 -241 55 -310 43z"/>
<path d="M15830 5930 c-20 -20 -20 -33 -20 -628 l0 -608 -162 -38 c-454 -105
-471 -110 -493 -130 -45 -42 -45 -46 -44 -453 1 -213 4 -399 8 -413 4 -14 22
-35 40 -47 33 -23 39 -23 342 -23 l308 0 4 -1012 c3 -878 6 -1027 20 -1114 18
-115 47 -237 57 -244 4 -3 10 -18 14 -35 15 -60 97 -237 142 -308 61 -94 223
-253 297 -292 31 -16 57 -33 57 -37 0 -13 113 -66 219 -102 166 -57 354 -89
606 -102 76 -4 133 -11 137 -18 5 -8 8 -7 8 2 0 8 16 12 48 12 69 0 280 26
407 50 169 32 246 57 278 90 l27 29 0 440 c0 375 -2 443 -15 458 -8 10 -21 27
-29 38 -17 23 -28 23 -287 10 -140 -7 -181 -5 -265 10 -179 31 -295 109 -350
235 l-29 65 -3 912 -3 912 451 3 450 3 27 28 28 27 3 497 c2 364 0 505 -9 525
-24 59 -13 58 -501 58 l-448 0 -2 596 c-3 576 -4 596 -22 610 -17 12 -121 14
-648 14 -615 0 -628 0 -648 -20z"/>
<path d="M13390 4715 c-59 -31 -55 114 -55 -2114 0 -2039 0 -2046 20 -2081 42
-72 22 -70 668 -70 634 0 620 -1 652 60 13 26 15 268 15 2095 l0 2067 -29 29
-29 29 -609 0 c-498 -1 -613 -3 -633 -15z"/>
<path d="M23769 4691 l-29 -29 0 -1504 c0 -1625 1 -1645 54 -1870 28 -119 84
-278 97 -278 5 0 9 -6 9 -12 0 -15 74 -136 138 -227 40 -57 86 -98 200 -178
25 -18 48 -37 51 -42 12 -19 199 -99 303 -131 120 -36 293 -67 426 -76 56 -4
92 -11 92 -18 0 -6 5 -4 10 4 6 10 10 11 10 3 0 -10 43 -13 180 -13 99 0 180
4 180 9 0 4 39 11 88 15 175 14 495 93 673 167 40 16 78 29 85 29 8 0 14 4 14
8 0 5 55 35 123 67 67 33 145 73 173 91 l51 32 12 -91 c20 -146 26 -164 69
-186 35 -18 58 -19 342 -16 168 2 346 4 396 4 85 1 93 3 118 27 14 15 26 35
26 45 0 11 5 19 10 19 7 0 10 530 10 1570 0 1249 -3 1570 -12 1570 -9 0 -8 4
2 10 13 9 13 10 0 10 -13 0 -13 1 0 10 13 9 13 10 0 10 -13 0 -13 1 0 10 13 9
13 10 0 10 -13 0 -13 1 0 10 13 9 13 10 0 10 -13 0 -13 1 0 10 13 9 13 10 0
10 -13 0 -13 1 0 10 13 9 13 10 0 10 -13 0 -13 1 0 10 13 9 13 10 0 10 -13 0
-13 1 0 10 13 9 13 10 0 10 -12 0 -13 2 -1 9 11 7 11 9 0 14 -12 4 -11 7 1 16
13 10 13 11 0 11 -13 0 -13 1 0 10 13 9 13 10 0 10 -13 0 -13 1 0 10 13 9 13
10 0 10 -13 0 -13 1 0 10 13 9 13 10 0 10 -13 0 -13 1 0 10 13 9 13 10 0 10
-13 0 -13 1 0 10 13 9 13 10 0 10 -13 0 -13 1 0 10 13 9 13 10 0 10 -13 0 -13
1 0 10 13 9 13 10 0 10 -13 0 -13 1 0 10 13 9 13 10 0 10 -13 0 -13 1 0 10 13
9 13 10 0 10 -12 0 -13 2 -1 9 11 7 11 9 0 14 -12 4 -11 7 1 16 13 10 13 11 0
11 -13 0 -13 1 0 10 13 9 13 10 0 10 -13 0 -13 1 0 10 13 9 13 10 0 10 -13 0
-13 1 0 10 13 9 13 10 0 10 -13 0 -13 1 0 10 13 9 13 10 0 10 -13 0 -13 1 0
10 13 9 13 10 0 10 -13 0 -13 1 0 10 13 9 13 10 0 10 -13 0 -13 1 0 10 13 9
13 10 0 10 -13 0 -13 1 0 10 13 9 13 10 0 10 -13 0 -13 1 0 10 13 9 13 10 0
10 -13 0 -13 1 0 10 13 9 13 11 0 20 -13 9 -13 10 0 10 13 0 13 1 0 10 -13 9
-13 10 0 10 13 0 13 1 0 10 -13 9 -13 10 0 10 13 0 13 1 0 10 -13 9 -13 10 0
10 13 0 13 1 0 10 -13 9 -13 10 0 10 13 0 13 1 0 10 -13 9 -13 10 0 10 13 0
13 1 0 10 -13 9 -13 10 0 10 13 0 13 1 0 10 -13 9 -13 10 0 10 13 0 13 1 0 10
-13 9 -13 10 0 10 13 0 13 1 0 10 -13 9 -13 10 0 10 13 0 13 1 0 10 -13 9 -13
11 0 20 13 9 13 10 0 10 -13 0 -13 1 0 10 13 9 13 10 0 10 -13 0 -13 1 0 10
13 9 13 10 0 10 -13 0 -13 1 0 10 10 6 11 10 3 10 -7 0 -13 11 -13 24 0 15
-12 34 -31 50 l-31 26 -602 0 -603 0 -29 -22 c-16 -12 -32 -27 -36 -33 -4 -5
-8 -688 -8 -1517 l0 -1506 -97 -50 c-161 -81 -377 -142 -509 -142 -30 0 -54
-4 -54 -10 0 -5 -18 -10 -40 -10 -25 0 -40 5 -40 13 0 8 -4 7 -10 -3 -5 -8
-10 -10 -10 -4 0 6 -29 14 -68 17 -102 10 -165 33 -234 85 -71 54 -96 95 -130
217 l-22 80 -6 1418 -5 1419 -28 24 -28 24 -620 0 -621 0 -29 -29z"/>
</g>
</svg>
